name: Joes Parents
latitude: 45.14399563
longitude: -93.39810602
radius: 100
icon: mdi:home
