name: Shannas Dads
latitude: 44.68637147
longitude: -93.17785241
radius: 100
icon: mdi:home