name: Work
latitude: 44.842953
longitude: -93.140315
radius: 100
icon: mdi:domain
